8月份	結餘			
9.1	餐巾紙	2	6.5	13
9.1	松香水	1	60	60
9.1	過敏藥品（邵阿姨）			43
9.1	送奶	2	22	44
9.3	送奶	2	22	44
9.4	老鼠籠	1	6	6
9.4	摩托車加油	1		105
9.4	飼料-精料	1		1162
9.5	送奶	2	22	44
9.5	菜子	3	2	6
9.6	車費-拉酸鹼液	1	100	100
9.6	月餅	14		214
9.7	送奶	2	22	44
9.7	玉米桿	1		50
9.7	膠水	3		11.5
9.8	電瓶車鎖	1	20	20
9.9	送奶	2	22	44
9.9	檢測羊奶	1		350
9.9	車費-檢測羊奶	2		25
9.11	送奶	2	22	44
9.11	小畚箕	2		55
9.11	飼料-精料	1		1164
9.12	江師傅工資	1		2500
9.13	啤酒渣	9.48t	400	3790
9.13	車費-拉啤酒渣	1	800	800
9.13	中飯-拉啤酒渣（2人）			65
9.13	送奶	2	22	44
9.10	匯款			
9.14	接水管修開關	1	50	50
9.14	飼料魚粉	1	200	200
9.15	送奶	2	22	44
9.15	水管，接頭	1		71
9.16	泡沫箱	46	1.5	69
9.16	羊奶檢測	2		650
9.16	車費檢測	2	10	20
9.16	匯款			
9.17	接電線（水泥面澆水）	半天	100	100
9.17	水管接頭	4	1.5	6
9.17	毛巾	5	11.5	57.7
9.17	藥品	4		94
9.17	飼料-精料			1179
9.18	藥品	4		35
9.18	勞保用品			36
9.19	飼料-黃豆	33.3	3	100
9.19	送奶	2	22	44
9.20	電費（半個月）	1756	0.946	1661
9.21	送奶	2	22	44
9.22	羊奶檢測			
9.22	車費檢測	2	10	20
9.22	飼料-精料			1205
9.22	快遞換鎮流器	1	8	8
9.22	葫蘆	1	30	30
9.22	飼料-小蘇打	1	60	60
9.23	送奶	2	22	44
9.23	藥品			33
9.23	飼料-豆粕	200	1.88	376
9.23	摩托車加油	1		85
9.25	送奶	2	22	44
9.25	清理窖池	1		300
9.25	電費（半個月）	1		995.9
9.26	飼料-黃豆			40
9.26	送奶	1	22	22
9.27	稀釋劑	1	60	60
9.27	換鎖心	1	180	180
9.28	三輪車補胎	1	10	10
9.28	插座鉗子等			77
9.28	公羊鏈條面巾紙等			65.8
9.28	送奶	3	22	66
9.24	匯款			
9.28	清羊糞	4	150	600

